randpath
         516
        4182
        4792
         238
        3565
        1544
        2303
        1638
        4092
         443
         641
        2247
        2027
         912
        2118
        4784
        1909
        2788
         414
        4127
        2334
         153
         191
        2989
        4258
        2543
        3880
        1436
        3487
        2301
        2544
        2261
        1030
        3691
        2204
        1630
        4519
        2757
        3948
        1348
        4202
        3132
        3637
        4054
        3759
        1257
         535
        4365
        3797
        3908
        2822
        1216
        3185
         604
        4616
        3990
        1964
         948
        3489
        3709
        2424
        1058
        1241
         643
        1400
         872
        3777
          95
         595
        4271
        2830
        3227
         302
        2601
        1720
          96
        2292
        4315
         646
        2159
        2782
        3916
        3119
        1868
        3547
        2464
        4659
        1554
         181
         227
        3590
        4152
        4640
        3750
        1942
        2182
        4601
        3510
        3081
        2744
        1660
         663
        3792
        1419
        4159
        3349
        4689
         564
         998
        1101
         271
        1766
        2553
        4046
        1150
        3366
         390
        2602
        1956
        1992
        2800
        3803
        4260
          31
         330
        3701
        3661
        1891
        3864
        3905
        3694
         919
        2342
        1181
         616
        1513
        3505
        1250
        3127
        3065
        2093
         667
         489
        1688
         511
        2740
        3195
        1517
         378
        1986
        1142
        4288
        1731
         148
         576
        1308
        1319
        2670
        2225
        3446
        1324
        2965
        1606
        1531
        1175
        4251
        4420
         240
          94
        4097
        3478
        2069
        1666
         577
        2212
        1080
        4481
        3795
        1738
        3579
        4250
         826
         973
        2359
        2403
        1184
        3052
         792
        4093
        4149
        2839
        3212
        3136
        3160
        4721
        4422
          27
         710
        4791
        4675
        4000
        4170
        3562
        1540
        2330
         932
        2516
        2760
        2750
        3169
        2340
        1077
        1677
        3003
         482
         273
        3258
        2132
        1492
        2250
         420
         500
        1064
        1558
        4071
        1802
        2665
         786
        3462
        4245
         329
        2444
        1061
         486
        3711
         402
        2803
        1463
        3061
        1662
        2578
        3296
         189
        4286
        4036
        4298
        3250
        2251
        3156
        2687
        4676
        1865
        2748
        1046
        1293
        4749
        3836
         842
        2219
        4518
        4360
         210
        4275
        2088
        4215
        4421
        3532
        2838
        2378
        2672
        3824
         752
        3855
        3129
         115
         966
        4771
         984
        2641
        2358
        2183
        3118
        3680
         198
        2525
         162
        1715
        3297
        4268
        1043
         518
        4033
        4652
         700
        1821
        3770
        2369
        3966
         968
        2114
        4144
        1561
        2564
        2700
        2008
        3399
        2388
         747
         825
        3733
        4473
        3668
        2414
         918
        1966
        2318
        4289
        2029
        1435
        1062
        3935
        3614
        1259
        4233
         687
        3536
        3166
         382
        3388
         149
        2718
        3142
        4163
        3043
          14
        4512
        4034
         841
        3768
        4053
        3338
        3805
         332
        1549
        1967
        1880
        1673
        4549
        2580
        2932
        2067
        3447
        3627
        3031
        3688
         639
        2904
         494
         592
        3433
         774
        3790
        4107
        1963
        1472
         339
        1591
        2534
        3326
        2066
         933
          32
         705
        4087
        4696
        2694
        4426
        3787
        3714
        3938
        3430
         167
        3568
        3835
        1252
        2884
        2988
        1334
        4293
        4755
         469
        3088
        2642
         192
        4488
         606
        4602
         231
        3077
        4068
          51
        3220
        1346
        1613
        3511
        1725
         258
        3468
         908
        2648
        3075
         804
         888
        3011
        1360
        4538
        4332
        2912
        1857
        1261
        3114
        4367
         600
        4690
        1948
        1401
        4043
          86
        4114
        4391
         548
         640
        1099
        1982
        4017
        2090
         721
        3626
        3630
         114
        1182
        3654
        2263
        3988
        3128
        1739
         978
         610
        4738
        1831
        3410
        1409
        4700
        1888
        3746
        2076
        4336
        2439
         180
        1899
        3376
        1352
        3871
          18
        3989
        2920
        2654
        2462
        4708
        2233
        1433
         949
        1933
        4783
         764
         541
         348
        1923
        1711
        4505
        2515
         438
        3401
          73
        4588
        3074
        1526
        3146
         805
        4364
        2223
         359
        3378
        3796
        1404
        3451
        2297
        3004
         562
        3818
        1829
        1745
        4698
        1098
         591
        3124
         634
        1086
         387
         676
        2227
          60
        1595
         265
         311
        1484
        3703
        4548
        3509
        2753
        2816
        2423
        1955
        2339
        4496
        3983
        1839
        2086
         440
        3470
        1249
        1959
        2055
        1335
        1271
        4667
        2265
        3555
        3781
        3706
        3042
         492
        4532
        3749
        3308
         373
        2294
        2208
        1126
        4301
        4683
         743
        1643
        2314
        2845
         126
        1442
        3969
         123
        4366
        2268
        3898
        3028
        3902
        2022
         737
        3270
        2134
        3775
        4537
        3019
        1926
        2259
         574
         768
         470
         632
        4565
        2998
        3735
        2380
        4658
         168
         954
        4521
        3873
        2977
        2365
        1990
         800
        1231
        2713
         520
          87
        4199
        3158
        4684
        3551
         691
        4158
        2944
        2802
         996
        3233
        4016
          52
        4494
        1719
        1875
         981
         803
        3999
        2477
        4765
        3343
        3404
         412
        1748
        3721
        2730
        1663
         418
         994
        2575
        1473
        4657
         107
        1791
        2565
         425
        3546
        2949
         179
        3321
        2492
        4500
        1551
        1013
        1797
        1100
        3340
        4547
        3802
         810
        1195
        4508
        4516
        1036
         145
        3578
        4551
         215
        4572
        3490
        1471
         892
        3441
        1307
        3112
        3331
        3860
         503
        2903
        3642
        3076
        2500
        2895
        1002
        1594
        1877
        1788
        3205
        1226
        3585
        2320
        1905
        3423
        3598
        4458
        3060
        2927
        1140
        1958
        1634
        3632
         566
        2514
        1848
        3843
         867
        3695
        3764
        4596
        1655
        2735
        3443
        2035
         346
        3987
         669
        2246
         741
        1898
        4685
         159
        3368
        4470
        4055
        2456
          88
        4218
        3432
        3030
        2618
        1912
        4384
        1381
        4333
        2677
        2584
        4457
        4644
        2282
        4281
        3604
         661
        1487
        3891
        2230
        4169
        3332
        2725
        1893
         476
        4586
        1907
         136
        3580
        4044
        3386
        4533
        3240
        4078
        1026
         204
        1262
        3959
         320
        2039
        2450
         922
        2152
        1984
        3821
        4534
        3150
        1674
        2199
        2741
         832
        2536
        3819
        2465
         219
        3219
        1828
         905
        1292
        2597
         934
        2796
        2179
        4077
        2640
        2832
        4082
        4294
        2136
         223
         836
         434
        2708
        1067
        3993
        1983
        2432
        4377
        1916
        4609
        4418
         853
        4181
        3646
        1115
        2724
        1650
         375
        1225
        1491
        4799
        1342
        3853
        2603
        2163
        3453
        3191
         931
        4703
        3371
        3477
        3537
        2964
        3913
        4264
        1657
        3976
        3387
        4381
        2520
        1799
        1501
         445
         942
         701
        2902
        2156
        3170
        1081
        1192
        2228
        4769
        1979
        2933
         184
        3452
        2555
        1842
         197
        4797
        3566
        1826
        1201
         921
        2644
        3699
        3300
        3063
        1808
        1631
        3316
        4416
        1198
        4188
        2190
         264
        1422
        3842
        1194
          61
        1609
        4105
        2193
        4295
        3154
        1339
        3883
        2430
        2940
         831
         822
         711
        2218
        3223
         361
        1171
        4727
         442
        2315
        2667
        4624
        1593
        4285
        1895
        3512
        3981
        4787
         269
        2878
         313
        1447
        1497
        3889
        3141
         702
        2771
        4663
        4666
         597
        4733
        3397
         545
        4070
        2445
         485
        1466
        2628
         784
         587
        3414
        1778
        4790
        2991
        4670
        2570
          62
        2594
        3995
        2711
        3752
        1458
        1947
        2737
        3597
        3379
          78
        1506
        4334
        4205
        2863
        2596
        2523
        1029
        3508
        2135
        2705
        3084
        3460
        3324
        2533
        2257
        1303
         781
        2119
         671
        2057
        4236
         504
        4394
        1378
        3520
        4194
        1922
        1847
        2795
        4175
        4049
        2129
         384
        2586
        3527
         806
        1534
         146
        1881
        2629
        4362
         723
        3893
         125
         459
        1686
        3323
        3931
         656
        1320
        2622
        1232
         458
        1321
        3669
        3638
        4371
        2531
        2815
        3603
        3488
         172
        3761
        3171
        1279
        1164
         963
        2491
          23
         780
        1782
        2235
        1863
         357
        3089
        3617
        2528
        2781
        4591
         251
        4461
        3696
        2844
        1819
        3285
        3623
        1338
        2701
        4253
        1680
        3126
        1598
        3670
         598
         350
        1027
        4020
        3295
        1988
          44
        3713
        2000
        3054
         276
        4261
        1377
        4379
        4255
        4146
        4752
        3437
        2054
        2840
        3574
        3649
        2018
        3341
         409
        1652
        2258
        4655
        3635
        1555
        3263
         910
        2761
        2147
        3325
        3881
        4677
        2632
        2769
        1333
        4209
        1437
        3556
        2408
        1431
         498
        3953
        1832
        2138
        2013
        3421
        2595
         863
        3811
        2160
        4274
        3092
        1094
        2405
        1626
        2353
        3571
        3229
        4237
         793
        2900
        4766
        2609
        4460
         851
         670
        4553
        1575
         490
        1654
        2308
        2053
        4254
        2153
        2935
        2780
         292
        1734
        1059
        3264
        4506
         164
        3418
        3059
        3950
        1168
        1282
         497
          19
        4535
        3100
        4338
        3221
        3362
        2001
        3724
        4324
        1211
        1461
        2527
         992
        4204
         355
        3500
        3729
        3344
        1741
        3613
         501
        2820
        1405
        3675
         118
         706
        4786
        3327
         226
        4489
         110
        4568
        4571
        1183
         419
        2507
        1096
        4413
        1588
        3622
         291
        2979
        2590
        4112
        4272
        4589
        1904
        3986
        1441
        2025
         370
        4222
        3863
         275
        2849
        1313
        1173
         563
        2961
        3494
        1327
        1921
        4216
         894
        4161
        4440
        2186
        1047
        2503
        2014
        3610
         201
        3937
        1291
        4605
        3381
        2124
        2148
         816
         406
         356
        3176
         194
         522
        1092
        2012
        3559
          66
        2436
        2530
          84
         580
         692
        1514
        1197
        2168
        3234
        4101
        2754
        4437
        3528
        2313
         345
        2117
        3804
        1297
        4010
         405
        1801
        4354
        4732
        3035
        3850
        2990
        2030
        1702
         278
        4680
        3298
        2657
        1256
        4249
        2150
        3722
         169
         450
        3957
        3458
        1834
         856
        2390
        2626
        2913
         848
        2296
          21
         843
        1306
        3086
        2579
        2674
        3572
         475
        4115
        1117
         279
        2703
        2675
          26
        4331
        4380
        2684
        1726
        3252
        4238
        3876
        2321
        2655
          97
        1879
        2681
        4425
        2398
          42
        1480
        1244
        1302
        3766
        4573
        4109
        1854
        4477
        3148
         304
        4795
        2309
        4615
        2063
        3560
          81
        1930
        2036
        1830
        3482
         327
        2652
        4121
        3175
        2864
         433
        3180
        3424
        3690
         218
        4526
        1018
        4094
        4248
        1981
        1276
        3774
        2604
        1892
        2279
        4693
        1950
         882
        1479
        1943
         686
        4179
         884
         335
        2962
         970
        2061
        3962
        4191
        4153
         982
        2319
        3978
        1869
        2489
        1572
         300
        3330
          30
        2994
        3016
        1938
        1304
        2274
        4617
        2059
        3619
        3113
         515
        2656
        4636
        3183
        1749
        3573
        2096
         709
          65
        3097
        3928
         257
        4449
        1813
         967
        1413
        1852
        4063
        1280
        1148
        3106
        1177
        1274
         325
        1234
        3029
        2841
        4246
        3650
        4691
        2971
        2023
        3479
        1512
        3671
         105
        4764
        2808
        4287
        4498
        3592
        4267
        1537
        1807
        2441
        4430
        1387
         750
         250
        3174
         410
        4080
         608
        1918
        3345
        3012
        3364
        1122
        2865
         453
         677
        3130
         176
         429
        2451
        2870
        1483
        3356
        4361
        1203
        3334
         796
         849
        3005
        3558
        2071
        1767
        3267
          55
         479
        4484
        2028
        1041
        1532
          64
        1103
         401
        3523
        1578
         362
         790
        4165
        4483
        1871
        2650
         374
        1158
        1358
        3483
        1584
        1375
         829
        1238
        2766
        3564
        2095
        3801
        4514
         819
        4560
        3633
        3794
        3286
        4402
        2861
         295
        1012
        3897
         523
        4490
        2316
        4003
        1985
        3739
          53
        2859
        4665
          74
        1642
        1525
        1004
        1783
        2473
         707
          69
         213
        2848
         527
        4740
        4214
         862
        3095
         451
          70
         536
        1747
        1124
         757
        2897
        1295
        3712
        3284
        3375
        3469
        4464
         481
        1336
        1394
          83
        4190
         887
         537
         431
         398
        2007
        4438
        4234
        1180
        1251
        2692
        3309
        3503
        1156
         285
          68
        2348
        4618
        3991
        3357
        4240
         988
        3152
        3038
        1416
         615
        3904
        2639
        3224
        3813
        3046
         809
        2587
        2776
        2099
        2959
        3435
        4265
        1600
        2352
        1109
        3056
        1817
        1189
        3456
         338
        2501
        1500
        2614
        1885
        4632
        2889
        4337
        1569
         512
        1621
        2387
        1428
         838
         645
        4375
        2712
         506
        3951
        1567
         101
        1771
         770
        1582
        1583
        3014
        1051
        1548
         393
        1299
           5
         704
        3242
        3053
        1610
        2560
        1586
        1395
        4442
         416
         802
         158
        4642
        3244
        1825
        2363
        3310
          92
        4517
        3431
         435
        2886
         544
        1511
        3540
        2032
        4650
         206
        4395
        3545
        4207
        2102
        1754
        3941
        3861
        2619
        3686
        3920
          71
        3907
         173
        2635
           1
        2409
        2732
         235
        3687
        2509
        2460
        2125
        4342
        3230
         795
        3062
         317
        3243
        3628
        3253
        3887
         986
         262
        1993
        3304
         519
        1373
         510
        2785
        4619
         137
        4482
        2569
         424
        2078
        2278
        4172
        2786
        2457
        4052
        4454
        4730
        2835
        2495
        2429
        2422
         248
         430
        3662
        3461
        3731
        3454
        2562
         854
        1952
        1504
        1618
        4507
        3333
        2220
        4638
         230
        1607
        4252
        4002
        4349
        4040
        3475
        4800
        3102
        1309
        1071
        2317
        1199
        3723
        4713
        4499
        3159
        3078
         138
        2243
        3700
        4348
        1723
        2547
        3839
        4529
        3037
        3625
        3355
        2833
        2006
         944
        2351
        2174
        1329
        2567
        3817
        3236
        1386
        2775
        1478
        1264
        4102
         995
        2905
        2362
        2222
        3968
        1991
        1974
        2385
        3425
        2484
         801
        1007
        1230
        4106
        4372
        2384
         294
        2326
         448
        4162
        2322
         622
        1167
        4399
        2256
         891
         224
        1388
        4673
          54
        1242
        2637
        4599
        2615
        4208
         225
        2532
        1894
        3210
         104
          98
        4419
        4530
         170
        2328
        4646
        4129
        3727
         340
        2346
        4185
        1624
        4428
        2498
        2522
        2038
         363
        4229
        3235
        2955
         460
        3391
        3167
        2105
         870
         284
         855
        2073
        1457
        1391
        1019
        3416
        3032
        2244
        3013
        4626
        2693
        2482
         584
        1411
        4541
        2370
         195
        1253
         177
        1730
        3715
        3676
        2471
        3179
         567
        4142
        1438
        1418
        1159
        4273
          67
        3997
        2115
         351
        2245
         680
        3407
        4622
        2241
        4711
        2738
         208
         957
        3616
        4564
        1289
        4411
        1444
        2166
        3872
        2354
        4592
        4577
        4378
         583
         449
         553
        4323
         326
        3519
         885
        2415
        4762
        1760
           6
        1185
         689
         650
        1693
        2704
         727
        4643
        1910
        4096
        1998
        4164
        4520
        3784
        1011
        1076
        3697
        4235
        2494
        2719
         845
        1647
        4595
        3612
        3103
        1792
         203
        3438
        2690
        2633
        4290
         369
         907
         446
         228
        4433
        2917
        4167
        3924
         877
        3190
        2041
        2141
         614
        3287
        2463
        4570
        2829
        1901
        1032
         758
        1328
        1066
        2290
        2807
        1269
        3994
        2374
        1356
         624
        4432
        1118
        4736
        4760
        3289
        3550
        2720
        4719
        3498
        1044
        2733
        1237
        2304
        4453
        1585
        2079
        1814
         987
        1481
        3439
        1451
        3002
         929
        2834
        3882
        3575
        3543
        2907
        4613
        1285
        2248
         585
         869
        4031
        3779
        4735
        3008
        3738
         783
        2914
        1729
        3609
         432
        4450
        4137
        1300
        2394
         916
        4051
         729
         620
        4585
        4064
        2110
        2281
        1006
        4542
        2952
        4312
        1176
         513
        1623
        2210
        1694
        2454
        3265
        2951
        4782
        2127
        1344
        4328
        3832
         328
        1859
        2664
         945
        3182
         529
        2671
        1049
        2867
        4634
        3394
        2104
        2161
        3608
         993
        3239
        3442
        2571
        1740
        2899
        1368
         926
        1439
        4610
        3481
        3677
         312
         693
        1341
        1960
        2324
         532
        1883
        1343
        2779
        2289
        3370
        4716
        3306
        3732
        3066
        3854
        2481
        4065
        4511
        1716
        4407
         613
        4469
        1795
         157
        4436
        3172
        3979
        3929
        2828
        1380
        1882
         878
         688
        3599
        1108
        3783
        3215
        3892
        3569
        1774
        2793
         852
        1615
        3218
        1318
        3204
        3507
        4544
        2404
        4291
        4751
        1873
        1218
        1611
        2197
        1245
         151
        3544
        2286
        1330
        1033
        2271
        4772
        2426
        3260
        1637
        4244
        2697
        1056
        2558
         589
        2215
        3157
        3313
         386
        1564
        2434
        1323
        2393
        3815
         644
        3164
        4058
         310
        2616
        1449
        3104
        1050
        3577
        3320
         505
         724
        4726
         904
        2026
        1816
        2382
        1035
        3307
        4434
        2541
        2850
        3912
         662
        2448
        4660
         103
        4583
         779
        4030
        3189
        2726
        1978
        2466
         216
          28
        4539
         183
          57
        2552
        1085
        3838
        4193
         127
         776
        4213
        2625
        1860
        1385
        2723
        4562
        2443
        1664
        3868
        1505
        1878
         649
        2285
         642
        2345
        2171
        1861
        1999
        1580
        1111
        2666
         924
        3070
        2538
        2458
        3090
        2762
         955
        3984
        1407
        3486
        2957
        4472
        1796
        1536
        1129
        3631
        2157
        2777
        4039
        2375
        2824
        1755
         178
        3862
        1315
        3082
        2942
        1699
        2356
         353
        1476
        4186
        3728
        4145
        4335
        1382
        3268
        1429
         651
        2178
          72
        4135
          82
        3353
        4775
         109
        2112
        1222
        1640
        3961
        2797
        1160
        1281
        1876
        3197
        1287
        3919
        1977
        3942
        2483
         493
        2611
        1570
         171
        3466
        1744
        2383
        4257
         749
        1706
        3901
        2968
         734
        2010
        3859
         603
        1645
         220
         347
        4552
        2045
         935
         128
        1003
        3395
        2497
        1130
        2853
         673
         791
         156
        1681
        4745
        1968
        4522
        4398
         675
        1521
        1227
        2081
        1091
          59
        3653
        2421
         488
        1997
         952
        3359
        1186
        2237
        3177
        2805
        1359
        4187
        1721
        2062
        2407
        2302
        2097
        2255
         611
        4455
        3085
        3272
        1969
        2187
        4478
        2947
        3847
        1221
        4074
        2486
        3080
        3467
        2211
        2270
        1208
        4067
        4712
        3256
        2658
        4556
        3846
        2058
        2716
        2376
        2526
        4671
        4085
         899
        2499
        2202
        3149
        1820
        4480
        3199
         730
        4662
        3420
        1464
        3108
        2634
        1793
        3808
        3769
         130
        2273
         652
        3117
         866
        3809
        2295
        4292
        4639
        1213
        4089
        2651
        4280
        3140
        1944
        1207
         472
        2722
         253
        2487
         857
        2682
        2706
        1434
        3955
         422
        4750
         205
        4697
        3311
          36
        1310
        4008
         713
        1120
        3909
         903
        2819
        1015
        1713
        2427
        4100
          16
        4540
        1957
        4322
         237
         618
        4734
        2745
        3780
        2691
        2872
        3760
        1214
        4189
        1712
         546
         444
        1837
        1507
         559
        4581
        2311
         212
         411
        3639
        2272
         775
        1776
        3664
        2221
        1202
        4445
        3806
        1286
        4174
        2449
        3006
        2175
         112
        3856
        2773
        4763
        4448
        2653
        3828
        4369
        3595
        4403
        4773
        2128
        1563
        4032
         551
        4502
        2621
        1161
        3465
         272
        2084
        4523
         274
        1961
        1052
        4024
        2050
        3382
        2958
        2743
        2513
        1620
        1072
        2011
        2810
        4279
         601
        2070
        3173
         861
        1490
        2809
        4550
        4531
        3135
         754
        3789
        3601
        4475
        1641
        1675
        1539
        2092
           8
         244
        3954
        3339
        3161
        4574
        1233
        2504
        4091
        2217
          47
        3554
        1994
        1493
        2763
        3193
        4781
        4439
         221
        3848
        1589
        4310
         873
        4308
         268
        4429
        2017
        2337
           7
        3823
        4390
         739
        2151
        3071
        3755
         980
        2631
        3698
        2214
         573
         141
        4302
        2206
        3531
        3342
         147
        4788
        3884
        3641
        4651
        3964
        4300
         900
        3771
         719
        2162
        1432
        3906
        1733
        1765
        3596
        3398
        2425
        1915
        3825
         289
        4441
         631
         755
        1850
        3589
        2557
        4211
        4424
        1833
        3921
        4746
         769
        3542
        1941
        2862
        2098
        4493
        3896
         897
         756
        1477
        3225
        2201
          75
         303
        2470
        4536
        2185
        1529
        4075
         100
        1224
        2004
        2126
        4386
        1897
        1727
        1455
        2299
        2984
        4047
        1219
         200
        2167
        2734
        2020
        3982
        2048
        2636
        2663
        2548
        3058
         187
         989
        2790
        4648
        4633
         985
         293
         607
        1773
        4196
        2643
         575
        3734
          40
        2361
         748
        2638
        2420
         454
        4704
        4125
        4579
          20
        3211
        2551
        1114
        3814
        2506
        3970
        2814
        3067
         960
        1215
        1735
        3793
        1889
        1415
        3704
        4723
        3940
        2453
         703
        1273
         324
        3776
        2736
        2948
         590
        4035
        4156
        1408
        4598
        3526
         571
        4456
        1057
        3939
        3563
         765
        3485
        3115
        1784
        4103
        4397
        1806
        1886
          33
        1646
        3878
        2042
        3567
        1137
         876
          45
        1649
        2617
        2100
        3583
         660
        1016
        1669
         524
        4611
        4479
        1758
        1095
        1911
         255
        2869
        2883
        1746
        1376
         917
         309
         528
         991
        1020
        4270
        4363
         556
        4631
        2325
        1530
        2910
        1632
        2715
        1557
          34
        3091
        2191
        2858
        4256
         400
         229
        4558
        3672
        2476
        4614
        3372
        2040
         579
         426
        1311
         392
         898
         828
        3763
        2266
        3305
        2009
        4136
        2478
        2607
        1275
        4023
        1902
        2894
           9
         413
        1724
        4018
         722
        2605
        2529
        4176
        2412
         946
        4785
        4192
        4284
        1775
        2142
        4743
        4582
        3322
        4355
         824
         514
        1827
        3389
        1204
        2709
        4313
         407
        4269
        2037
        1314
        1535
        1627
        3023
        2181
        4669
        1283
        1794
        2941
        1383
        2305
        1054
        3493
         193
        1188
        2075
          43
         735
         336
        2906
        3328
        3666
        4443
        1488
        1254
         280
        1953
        2585
        4138
        4503
        1149
        1443
        2576
        3525
         708
        3207
        3932
        2856
         214
         447
        2546
         319
        1862
         464
        3718
        2189
         552
        4412
        3605
        1470
        1053
         619
        1935
        2535
        2673
        1805
        3025
        4668
         638
        1247
        2338
        3434
         282
         798
        2242
         847
        2411
        1023
        3992
        2972
        2165
        2717
        1078
        2996
        4392
        4231
        2751
        4027
          11
        4327
        3587
        4344
        4604
         807
        2033
        4620
        2435
        3791
        3875
        4325
        1722
        4007
        1452
         625
        3726
         827
        4524
        4374
        2406
         423
        1169
        1460
        1154
        2855
        4415
        4635
        3318
        4376
        1350
        1446
        2630
        3406
         858
        3529
        2232
        2003
         333
        3576
        1622
        2981
        3109
        2269
        2216
        4345
        4173
        1764
        4435
        3816
        1822
        3874
         658
        1009
        3024
        4140
        1372
        3513
        3772
        3678
        2474
         477
         763
         377
        4132
        2922
        2049
        3335
        3499
        3693
         936
        2953
        1340
        3845
        3501
        2459
        2347
        1475
         316
         233
        4118
        4326
        4069
        3459
        1485
        2298
         120
        4341
        1272
        2343
        2993
         665
        4612
        4353
        1317
        2774
        4710
         890
        2699
        4042
         941
        4754
        3238
        2847
        2554
        1841
         788
         140
        2372
        2923
        4770
        2542
         380
         263
         633
        4276
        4778
        3276
         668
        1008
        2930
         720
        3963
        4759
         698
        2005
        4128
        3744
        2986
         397
        4630
        2056
        1145
        3985
        2686
        3246
         270
        1205
        1193
         150
        2612
        2591
        2683
        4262
        1866
         391
        1661
        2885
        3033
        3840
        2044
        4011
        1903
        1571
        2154
        2945
        3222
        4226
         746
         636
         508
        1602
        3945
        2236
        3360
        3277
        1366
         906
        1679
        1975
        4297
        3122
        2389
        1163
         976
        1855
        3094
        3048
        1605
        2468
        3213
        1073
        3682
        3241
        3705
         322
        1934
        4447
        3762
        2085
        3977
        3383
        4459
         239
        2995
        3329
         174
         260
        3196
          39
         637
        3426
         678
        2831
        2967
        3965
         337
         367
        2287
        3147
        3396
        4417
         813
         664
        2047
        4637
        2784
        1427
        1976
        3593
        4242
        1037
        4584
        2669
         560
        2485
        4561
        4465
        4607
        1651
        4197
         605
        1756
        4543
        3936
         799
         371
        2936
        4212
        2812
        3867
         245
        2019
        4203
        2764
        2397
        3533
        1781
        4056
        2876
        1972
        3972
        4155
        3162
         971
         307
        2431
         408
        4120
        2877
        4747
        1349
        3026
        3198
        2954
        4509
        1845
        1042
        1131
        3858
         466
        2623
        1604
        3216
         582
        2960
        3515
        3548
         785
         102
        3405
        2249
         549
         131
         886
          41
        4005
        1406
        1430
        1102
         627
        3350
        2842
        4143
        2752
        3517
        2974
        1962
        1119
         975
        3810
        1379
        3944
        4510
        2888
        1005
        1239
        3656
        1496
         252
        3663
        4110
        3717
         823
        4123
        3444
        2688
        4073
         217
        2446
        3111
        2739
        3870
        1543
        1209
        4462
        2060
        1542
        1179
        3679
        4608
         628
        1128
        4744
         533
        1870
        2180
         593
        4350
        2065
         388
         657
        1568
         161
         999
        2731
        3299
         234
        1089
         116
        4041
         959
         241
        1079
         421
        3925
        1659
        2418
         923
        1425
        3725
        1777
         365
        3594
        2131
        3798
        3472
        1849
        2402
         538
         119
        2537
        1872
        3151
        3245
        4645
        2276
        4124
        4606
         121
         160
        3450
         958
          50
        1125
        4623
        4278
         655
         751
         697
         937
        4133
        3131
        2177
         947
         473
        2985
         491
        1867
        1790
        2975
         286
        4351
        3748
        4497
        1556
        2519
         778
        1363
        3911
        2275
        3888
        4180
        3168
        1396
        4359
        3591
        4038
        1732
        4095
         760
        4396
        2783
        1144
        2015
        1803
         106
        3514
        1474
        3504
        1812
        4177
        1653
         202
        4563
         557
        2710
        2307
        1906
        4653
        3137
        1559
        1088
         343
        1166
         812
        3702
        2231
        3476
         895
        4079
        3232
         565
        1743
         232
        3134
        3648
        1421
        1763
        2173
        4401
        3742
        4048
        4753
        4217
        3903
        2386
        1236
        3652
          80
         117
         517
         531
        4122
        1587
        2662
        2366
        3570
        1246
        1864
        2517
        1668
        4311
        2349
        2938
        4184
        2277
        2792
        1393
        1566
        1325
         911
          56
        3346
        1367
         287
        2645
        1562
        3491
        2200
        4404
        3681
        3098
        1528
        1038
        1579
        3392
        3910
        1527
        2107
        1736
        1055
         299
        4373
        4104
        3120
         927
        1489
         113
        2728
          76
         334
        4117
        4126
        2873
         436
        1450
         797
        3064
        2909
        2188
        2758
        3283
        1240
        3055
        3312
         199
        2341
        3303
        1228
        1174
        1440
        3900
        3754
        2368
        1599
        3202
        4779
         305
        4356
        1028
        3471
        2680
        1243
        2021
        1698
        4495
        4219
        4221
        1697
        1106
        3767
         762
         428
        2818
        4593
         242
        3087
         134
        2804
        3262
          58
        2987
        2031
        2046
        1704
        3393
        4654
        1858
        3980
        3607
        4724
        2598
        2447
        4239
        2707
        3807
        1616
        3374
        1856
        3730
        2080
        1546
        1574
        2801
        1608
        1996
        1612
        3689
        1178
        1787
        2963
        1853
         484
        3657
        3720
         249
        3788
        1426
        1151
        1520
        1565
         830
         256
        4282
         696
        3692
        2556
        1146
         152
          49
        1550
        2887
        2419
        3497
         938
         617
         725
         612
        4774
        2729
        2880
        4243
        4491
        4299
        4307
        1364
        1141
        3534
        3464
        2798
        2312
        3851
        1789
        2074
        3121
           3
        2291
          63
        3778
        4629
        2226
        2472
         839
        1707
        4171
        1690
        1908
        3139
        3615
         266
        1925
        4695
          13
        3412
        4382
         844
        2264
        1838
         281
         540
        2480
        3837
        4050
        2827
        4423
        4339
        2469
        3890
        3279
        1065
        3348
        3952
         456
        1689
        2496
        3740
        2649
        2051
        1665
        2344
        4220
        3602
         759
        1301
        4559
        2209
        3719
        1105
        2438
        2194
        2846
        1024
        1345
        3620
        4319
         787
        4513
        1843
        2600
        1337
         165
         865
        2198
        2970
        2931
        1014
        1503
        1268
        1900
        1116
        3200
        4446
         974
        3975
        2399
        1687
         699
        1989
         596
         554
        2702
        1940
        2521
        3673
        1576
          35
        3757
        3301
         594
        3020
        1502
         881
        2668
        3651
        4679
        4578
        4225
         965
        2149
        1369
        2123
        4546
        3231
        3829
        3918
        1682
         972
        1846
        1753
         207
         521
        2852
        1398
         820
        2770
        1523
        1070
        1468
        4628
        1083
        1390
        3552
        4686
        2323
        2437
         767
         467
        3958
         415
        1298
         175
        2755
         834
        1316
        1538
        4709
         695
        4717
        2791
        1278
        3927
        4306
        2921
        3143
        2254
        1779
         315
         570
        3040
        4206
        4672
        2826
        1045
         659
         376
        2939
        1648
         835
         480
         679
        4798
         569
        1592
        4141
        2329
        2661
        1305
        3820
        2746
        1717
        4168
        1127
        3473
        3894
        3973
        3201
        4022
        2213
        4525
        3707
        3105
         896
        2400
         731
        4702
          93
        4021
        4266
         259
        1000
        2379
        4088
        2789
        3096
        3865
        2240
         360
        3274
        3155
        3417
          12
         874
        1017
        4739
        2327
        3099
         108
        3822
        3549
        2172
        2164
        2381
        1170
        3101
        2510
         558
         403
        3206
        1361
        4059
        3294
        1494
        1093
        2360
        3621
        2332
         681
        1577
        4757
        1486
        3606
        3782
        2072
        4701
        1001
        2956
        3271
        3535
        4408
        4767
        3138
        3413
        1453
        2851
         983
        1710
        3618
         674
        3385
        4485
        4431
        3852
        2689
        2524
        4597
        3259
        2203
        4368
        4692
        2759
        2608
        1692
        2868
         956
        3337
         794
        1678
        1069
        1786
        4259
        4263
        4554
        4329
         893
        1357
        1809
        2442
        3785
        3834
         683
          91
        4084
        4463
        1522
         909
        4066
        1039
        3280
        1402
        2742
        1191
           2
        2582
        1462
        3716
         879
        4557
         547
        3484
        2588
        3208
        3826
        2976
        1190
         588
         969
        3917
        1351
         684
        4230
        2566
        4241
        1048
        1210
        2373
        2924
        3178
        4748
         122
        3866
        1884
        2721
        1818
        1424
        2043
        2749
         997
        1844
        1133
        2572
        3502
         814
        2229
          25
         462
        4198
        4028
        4603
        1770
        1445
        4527
         716
        2794
         902
        2550
        2767
        3107
        3440
         736
        3281
        2756
         502
        2260
         243
        3051
        2087
        2943
        1614
        4385
        1937
        3039
        1708
        4086
         129
          77
        3455
        4725
        1971
        4099
        2091
        1353
         818
        2306
        3228
        1970
         717
         468
        4166
          17
        2508
        4223
          89
        2377
        1288
        2685
        2288
        4452
        4471
        1954
        1676
        2252
        2892
        3358
        4594
         368
         306
        3125
        3261
         188
        3187
        1573
        1670
        1135
        4062
        4400
        1560
        1762
        3743
        1370
        3184
        4731
         864
        1465
        1266
          48
        4296
        2396
        3315
        3027
        2176
         525
        4492
        1750
        3402
        4147
        1946
         471
        3247
        3050
        1815
        3057
        3624
        3827
        3996
         499
        3830
        2350
         323
        2901
        1625
        3116
        1628
         186
        2238
        2511
        3045
         685
         951
        4796
        4316
        1136
        3557
        1533
        1644
        4737
        2331
         163
        2146
        3640
        4317
        1410
        1220
        3044
        3841
        1084
         542
        1619
         928
        1890
         808
        2787
        1917
        1260
        2034
          46
        3516
        2121
         496
         379
        2893
        2778
        1354
        1294
        2234
         871
        3684
         394
        1761
        2539
         166
        3288
        1347
        2184
        2300
        2262
        3041
        2158
        2806
         288
        1113
        2488
        4026
         815
         507
        4682
         381
        4728
        3217
        4210
        2479
        4694
        1742
        2875
        3409
        3436
         726
         534
        2561
         875
          22
        4621
        4776
        3492
         366
        4025
        4090
        3541
        1927
        1290
        1374
        3408
         653
        3600
        1581
        2490
        2911
        2659
        1322
        3518
        4200
        1423
        3317
        3588
        3273
        3710
        3237
        3017
        3072
        2817
        4575
        1284
         718
        4474
        3751
         979
        1656
        3582
        1737
        3899
        1365
        3079
        4283
        3269
        1987
        1759
        1196
        2139
        2052
        3877
        2122
        3561
        1919
        2568
        2452
        1187
        3683
        1031
        1696
        2825
        4515
        4590
        3007
        2610
        4409
        1945
        1248
        2417
        2502
        2169
         745
         352
        2874
        3194
        2467
        4330
        3163
        2581
        4718
        2355
         555
        2999
        2678
        4029
        2857
        1924
         427
        2016
        1639
        3943
        4358
         761
        1691
        3275
        2624
        3367
        3319
        4130
        1060
        2879
        3758
        3647
        2089
        3188
        1835
         396
        1928
        3539
        2997
         568
        4131
        2973
         342
         714
        3522
        3292
        2401
        3384
         599
         990
        2836
        3886
        1519
        2860
        2493
         135
        1155
         630
        4678
        2676
        4151
         132
        1075
        3291
        1914
        4148
        2768
        2613
        1995
         930
        3923
        1683
        4467
         487
        4012
         344
        1498
         247
         297
        3799
        1769
        4410
        2583
        4061
        1074
        4641
        4060
        1132
         190
        3021
        1811
        4476
         142
        2196
        1949
        4150
        2660
        1635
        3914
         254
        1021
        3347
        4108
        3422
        3960
        1312
        1516
        4157
        4427
        3643
        3496
        4321
        2821
        4468
        4057
        4201
         690
        4566
        1384
        3001
         962
        4045
         740
        4015
        1510
        1552
        4761
        2461
        4777
        1362
        4320
        1695
         953
         463
        1658
        2928
        3629
         550
        3336
         682
        4083
        3998
         290
         961
        4111
        4247
        2068
        2106
        2574
        1258
        1206
        2811
         539
         277
        3352
        1104
        1448
        3009
        2854
        4352
        2969
        1456
        3869
        4013
        1920
        1296
         837
        1414
        2207
         133
        2410
        1107
        3521
        2133
        2440
         509
        4722
         647
        3922
        3530
         609
        4154
        4664
        4406
         868
        1417
        3967
         602
        2843
         236
        2599
         821
        3708
          99
        1965
        4098
         383
        1397
        2283
        4756
        2896
        3110
        1459
        2367
        2155
         744
        4388
        4580
        3895
         474
        2333
        3186
        3153
         859
         672
         715
        3857
        3047
        1800
        1751
        2371
        1553
        1798
        1780
        4113
        2563
        1667
        3010
        2881
        4600
        2505
        3737
        2475
        1355
        2573
        2978
         530
        3506
        1518
        3069
         111
         296
        4687
        3658
        2083
         452
        2267
        3251
        3800
        3203
          15
        1597
        1010
        2293
        1709
        4119
        2195
        4528
        3049
        3933
        3145
         483
        3885
        2950
        3083
         341
        2108
        3165
        4228
        1951
        1063
        2413
        3831
         728
        2239
        4116
         478
        2545
         543
        1596
        4555
         185
        4072
        3293
        2727
        3449
         964
        4576
         461
        4504
         441
        4004
        4649
        1508
        1482
        4661
        4587
        3192
        2698
        1212
        3553
        1420
         358
        3093
         712
        3226
        1896
        2925
        2391
         925
        1785
        3645
         880
        4714
        1267
        1172
        1685
        3474
        2982
        4183
         777
         901
         364
         389
        3674
        4037
        1403
         742
        4720
        2646
         782
        2592
        3427
        1087
        4741
        2799
        3747
        1541
        3390
         914
        2934
        1235
         155
        2428
        3249
        4370
        3034
        2116
        1255
         733
        2077
        1162
        2144
         318
        3926
        1229
          37
        1112
         920
        2284
        1223
        2966
        3214
        3538
        3741
        4347
        2455
        4705
        2908
        1824
        4019
        2837
         182
         246
        1200
         314
        3448
        4715
         586
        4451
         950
         144
         846
        4076
        3255
         817
        4227
        1804
        3365
        1973
        1110
          10
        4081
        2103
        3302
        2765
         437
         581
         811
        2253
        1326
        2540
        2647
        1728
        1412
        1545
        4545
         833
        1547
         850
        3419
        2120
        3290
        2593
         889
        1332
        2919
        1263
           4
        2143
        1515
          79
         331
        2364
        4346
        1603
        4303
        1138
        3586
        4793
        2170
        2137
        4232
        4625
        2813
        1034
        4656
        3765
        2620
         621
        1590
        3073
         943
        3495
         495
         261
        3415
         457
        3123
        4706
          90
        4567
         439
        4343
        4178
        1874
        2747
         321
        1389
        2929
        2871
        4393
        1836
         939
        2109
        4309
        3736
        1939
        2002
        2983
        3282
         773
         211
        1718
        1823
        1840
        2433
        4758
        2113
         883
         267
        3429
        2064
        1153
          24
         915
        2679
         139
        2980
        4195
         789
        2926
         977
         766
        1139
        3022
        1633
        3403
        2866
        3266
         860
        3144
         732
        4486
        3844
         349
        1277
        3611
        3181
        1469
         372
        3667
        1371
        2395
        1134
        4314
        4305
        1392
        1509
          38
        2024
        2890
        1705
        3068
          85
        2512
         635
        3463
         222
        3480
        3956
         455
        2946
         561
         283
        3915
        1524
        3278
        2310
        3254
        1772
        1331
        4487
         404
        3209
        4357
        1265
        3373
        3361
        1022
        3812
        1757
        1887
        3457
        4340
        4569
        1467
        2094
        3949
        2559
        4768
        2549
         840
        3833
        4627
        1601
        1123
        3786
        3849
        2915
        3659
         399
        4501
        1165
        2714
        2205
        4729
        1810
        2140
         354
        2898
        4789
         738
        1025
        3018
        3445
        2111
        2627
         623
         308
         654
        2992
        1768
         629
        2130
         196
        1936
         626
        3248
        3753
         694
        3971
        1617
        1752
        1629
        1068
        3000
        3655
        3036
        2577
        2891
        1913
        1684
         301
        1495
        1700
        3879
        1147
        3660
          29
        3314
        3363
        2918
         572
        1097
        2192
        1703
        2416
        1671
        1701
        4405
        3257
         417
        1143
         124
        3400
        4389
         913
        1499
         465
        3369
        2357
        4466
        2696
        4794
        1040
        3015
        3930
        1399
        2589
        1931
        3947
        1851
        2937
        1157
         772
        2224
        2336
        4674
        4224
        3133
        1217
        3351
         940
        4681
        4009
        3428
         209
         648
         395
        1932
        2392
         753
        3411
        3974
         666
         771
        3581
        1270
        1454
        3685
        2606
        4699
        4006
        4383
        3524
        3665
        3946
        4304
        4707
        4742
        1980
        1672
         154
        3773
        3354
        2280
        4277
        4014
        2916
        4001
        1090
        3756
        3380
        1152
        4387
        4318
        3636
         385
         526
        3584
        2882
        2101
        3377
        2823
        2335
        1929
        4444
        4160
        3745
        1082
        4688
        2772
         143
        1636
        4414
        1121
        3634
         298
        3644
         578
        3934
        4647
        4139
        4134
        2518
        2145
        2082
        4780
        2695
        1714
