ROW   COL   Start  Frac1   botm1   botm2   botm3
13    62    1      0.0000  1763    1664    1174
12    62    1      0.6667  1754    1655    1245
11    62    1      0.3333  1729    1630    1257
10    62    1      0.0000  1656    1557    1292
9     62    2      0.6667  1755    1656    1441
8     62    2      0.3333  1789    1690    1463
8     63    2      0.0000  1814    1715    1463
8     64    3      0.9565  1837    1738    1463
8     65    3      0.9130  1869    1770    1648
8     66    3      0.8696  1887    1788    1688
9     66    3      0.8261  1815    1716    1616
10    66    3      0.7826  1786    1687    1587
11    66    3      0.7391  1762    1663    1442
11    67    3      0.6957  1770    1671    1531
11    68    3      0.6522  1790    1691    1586
11    69    3      0.6087  1803    1704    1604
11    70    3      0.5652  1823    1724    1573
11    71    3      0.5217  1823    1724    1573
11    72    3      0.4783  1825    1726    1525
11    73    3      0.4348  1825    1726    1525
11    74    3      0.3913  1825    1726    1525
11    75    3      0.3478  1825    1726    1525
11    76    3      0.3043  1820    1721    1620
11    77    3      0.2609  1815    1716    1616
11    78    3      0.2174  1811    1712    1612
11    79    3      0.1739  1813    1714    1614
11    80    3      0.1304  1807    1708    1608
11    81    3      0.0870  1832    1734    1633
11    82    3      0.0435  1867    1768    1668
11    83    3      0.0000  1888    1789    1689
11    84    4      0.9326  1884    1785    1685
11    85    4      0.8651  1863    1764    1664
12    85    4      0.7977  1811    1712    1612
13    86    4      0.7023  1742    1643    1543
14    86    4      0.6349  1686    1587    1487
15    86    4      0.5674  1644    1545    1445
16    86    4      0.5000  1602    1503    1244
17    86    4      0.4326  1562    1463    1163
18    86    4      0.3651  1519    1420    1120
19    86    4      0.2977  1482    1382    1082
20    86    4      0.2302  1444    1315    1065
21    87    4      0.1349  1402    1256    974
21    88    4      0.0674  1406    1306    1106
22    88    4      0.0000  1382    1241    1016
23    88    5      0.6667  1347    1211    968
24    88    5      0.3333  1322    1223    1063
25    88    5      0.0000  1295    1163    958
26    88    6      0.8153  1266    963     763
27    88    6      0.6306  1238    733     482
28    88    6      0.4459  1219    497     247
29    89    6      0.1847  1168    408     308
29    90    6      0.0000  1145    625     525
29    91    7      0.9040  1118    870     770
29    92    7      0.8080  1140    945     845
29    93    7      0.7119  1163    1022    921
29    94    7      0.6159  1152    1052    652
29    95    7      0.5199  1145    1046    607
29    96    7      0.4239  1135    1036    589
28    97    7      0.2881  1140    1041    602
27    97    7      0.1920  1160    1061    639
27    98    7      0.0960  1132    1033    706
27    99    7      0.0000  1139    1040    635
27    100   8      0.8441  1153    1054    600
27    101   8      0.6882  1180    1081    669
27    102   8      0.5323  1133    1034    684
26    103   8      0.3118  1076    977     877
25    103   8      0.1559  1195    1096    996
24    103   8      0.0000  1274    1175    1049
23    104   9      0.0000  1243    1149    899
22    104   10     0.5000  1261    1128    994
21    104   10     0.0000  1267    1182    993
20    104   11     0.8441  1219    1141    898
19    104   11     0.6882  1282    1199    949
18    104   11     0.5323  1299    1225    999
17    104   11     0.3764  1357    1230    999
16    104   11     0.2205  1339    1149    999
15    105   11     0.0000  1370    1251    980
14    105   12     0.8918  1387    1250    950
14    106   12     0.7836  1405    1240    940
13    107   12     0.6306  1421    1249    999
12    108   12     0.4776  1550    1300    1099
12    109   12     0.3694  1499    1249    1049
12    110   12     0.2612  1450    1150    899
12    111   12     0.1530  1376    999     640
11    112   12     0.0000  1334    1049    467
10    112   13     0.8918  1449    1199    849
9     112   13     0.7836  1499    1299    1049
8     113   13     0.6306  1499    1299    1099
7     114   13     0.4776  1549    1399    1099
6     115   13     0.3246  1549    1349    1149
6     116   13     0.2164  1550    1350    1149
6     117   13     0.1082  1549    1349    1149
6     118   13     0.0000  1549    1349    1149
6     119   14     0.9007  1549    1349    1149
7     120   14     0.7603  1649    1424    1099
8     121   14     0.6199  1855    1627    1224
9     122   14     0.4794  1817    1686    1234
10    123   14     0.3390  1654    1554    1206
10    124   14     0.2397  1661    1461    1209
11    125   14     0.0993  1574    1474    1196
11    126   14     0.0000  1574    1354    1198
11    127   15     0.7735  1644    1394    1215
12    128   15     0.4531  1819    1595    1208
12    129   15     0.2265  1867    1567    1212
12    130   15     0.0000  1893    1793    1253
13    130   16     0.7388  1834    1700    1231
14    131   16     0.3694  1795    1647    1206
15    132   16     0.0000  1798    1494    1166
15    133   17     0.0000  1787    1488    1211
16    133   18     0.7735  1743    1454    1207
17    134   18     0.4531  1716    1433    1136
17    135   18     0.2265  1722    1407    1196
17    136   18     0.0000  1735    1400    1196
18    137   19     0.7929  1696    1372    1185
18    138   19     0.6464  1711    1430    1183
18    139   19     0.5000  1731    1450    1193
18    140   19     0.3536  1760    1440    1208
19    141   19     0.1464  1744    1423    1124
19    142   19     0.0000  1784    1427    1206
19    143   20     0.5000  1825    1435    1230
19    144   20     0.0000  1862    1444    1242
20    144   21     0.7071  1825    1441    1223
21    145   21     0.2929  1862    1446    1161
21    146   21     0.0000  1910    1450    1210
22    146   22     0.0000  1884    1451    1224
23    146   23     0.8441  1858    1455    1218
24    146   23     0.6882  1832    1443    1132
25    147   23     0.4677  1857    1438    1197
25    148   23     0.3118  1906    1451    1206
25    149   23     0.1559  1933    1458    1243
25    150   23     0.0000  1966    1463    1266
26    150   24     0.9091  1937    1457    1237
27    150   24     0.8182  1907    1450    1227
28    150   24     0.7273  1879    1444    1158
29    150   24     0.6364  1848    1419    1048
30    150   24     0.5455  1819    1304    1029
31    150   24     0.4545  1789    1223    1020
32    150   24     0.3636  1759    1247    1011
33    150   24     0.2727  1730    1221    1011
34    150   24     0.1818  1700    1197    1016
35    150   24     0.0909  1710    1172    1011
36    150   24     0.0000  1648    1149    1007
37    151   25     0.8898  1599    1173    1020
37    152   25     0.8118  1672    1205    1034
38    152   25     0.7339  1577    1196    1034
39    152   25     0.6559  1527    1186    1029
40    153   25     0.5457  1498    1206    1043
40    154   25     0.4677  1511    1234    1050
41    154   25     0.3898  1480    1227    1056
42    154   25     0.3118  1453    1219    1053
43    154   25     0.2339  1426    1204    1048
44    154   25     0.1559  1399    1179    1043
45    154   25     0.0780  1374    1139    1029
46    154   25     0.0000  1340    1084    984
47    155   26     0.8498  1316    1109    436
47    156   26     0.7436  1326    1147    596
47    157   26     0.6373  1341    1175    780
47    158   26     0.5311  1350    1189    889
47    159   26     0.4249  1359    1189    989
47    160   26     0.3187  1370    1189    988
48    160   26     0.2124  1347    1193    993
49    160   26     0.1062  1359    1199    899
50    160   26     0.0000  1363    1204    804
51    160   27     0.8723  1336    1074    574
52    160   27     0.7445  1311    1071    224
53    161   27     0.5639  1307    1100    82
54    161   27     0.4361  1263    1042    -238
55    161   27     0.3084  1214    1000    -279
56    161   27     0.1807  1190    750     -500
57    162   27     0.0000  1182    778     -600
57    163   28     0.8938  1191    977     -84
57    164   28     0.7876  1216    1000    384
57    165   28     0.6813  1237    992     598
57    166   28     0.5751  1237    1000    807
57    167   28     0.4689  1247    1057    856
57    168   28     0.3627  1243    1122    902
58    168   28     0.2564  1211    1042    842
59    168   28     0.1502  1203    1024    824
60    169   28     0.0000  1207    1041    821
61    170   29     0.9142  1243    1059    839
62    171   29     0.8284  1282    1077    717
62    172   29     0.7678  1308    1122    821
63    172   29     0.7071  1320    995     815
64    173   29     0.6213  1353    1017    817
64    174   29     0.5607  1384    1075    875
64    175   29     0.5000  1410    1126    926
64    176   29     0.4393  1435    1177    977
65    177   29     0.3536  1474    1203    1003
66    178   29     0.2678  1512    1230    1010
67    178   29     0.2071  1501    1241    1011
68    178   29     0.1464  1462    1212    992
69    179   29     0.0607  1489    1200    900
69    180   29     0.0000  1571    1233    933
69    181   30     0.8441  1577    1271    971
69    182   30     0.6882  1580    1290    990
68    183   30     0.4677  1615    1285    1085
67    183   30     0.3118  1655    1259    1159
67    184   30     0.1559  1671    1291    1191
67    185   30     0.0000  1669    1291    1191
67    186   31     0.5000  1681    1260    1160
67    187   31     0.0000  1711    1611    1211
67    188   32     0.7500  1754    1654    1254
67    189   32     0.5000  1789    1689    1289
67    190   32     0.2500  1810    1710    1310
67    191   32     0.0000  1822    1722    1352
67    192   33     0.8845  1848    1748    1408
68    192   33     0.7690  1801    1701    1350
69    193   33     0.6056  1793    1693    1343
70    194   33     0.4422  1758    1658    1398
71    195   33     0.2789  1783    1683    1350
71    196   33     0.1634  1861    1761    1335
72    197   33     0.0000  1849    1749    150
73    198   34     0.8804  1880    1780    -6
74    198   34     0.7959  1795    1695    -6
75    198   34     0.7114  1736    1636    -6
76    198   34     0.6268  1692    1592    -9
76    197   34     0.5423  1656    1556    14
76    196   34     0.4577  1671    1571    230
76    195   34     0.3732  1606    1506    476
77    195   34     0.2886  1625    1349    395
78    195   34     0.2041  1570    1300    363
79    196   34     0.0845  1529    1300    262
79    197   34     0.0000  1550    1300    111
79    198   35     0.7071  1566    1466    59
79    199   35     0.4142  1598    1498    26
80    200   35     0.0000  1593    1493    89
80    201   36     0.9516  1738    1638    77
80    202   36     0.9032  1764    1664    86
81    203   36     0.8347  1796    1696    398
81    204   36     0.7863  1824    1724    447
81    205   36     0.7379  1857    1757    387
81    206   36     0.6895  1863    1763    108
82    206   36     0.6411  1822    1722    349
83    207   36     0.5726  1812    1712    308
83    208   36     0.5242  1854    1754    104
84    208   36     0.4758  1866    1766    60
85    209   36     0.4073  1860    1760    14
85    210   36     0.3589  1861    1761    -4
86    210   36     0.3105  1822    1722    6
87    210   36     0.2621  1800    1700    2
88    210   36     0.2137  1824    1724    36
89    210   36     0.1653  1802    1412    391
90    211   36     0.0968  1816    1716    384
90    212   36     0.0484  1830    1730    314
91    212   36     0.0000  1797    1697    393
92    212   37     0.5858  1818    1518    481
93    213   37     0.0000  1803    1703    569
94    214   38     0.8319  1821    1421    731
94    215   38     0.7131  1847    1447    410
94    216   38     0.5942  1873    1573    291
94    217   38     0.4754  1902    1602    229
94    218   38     0.3565  1941    1641    537
94    219   38     0.2377  1982    1682    1126
94    220   38     0.1188  2041    1741    1399
94    221   38     0.0000  2119    1819    369
95    221   39     0.8750  2191    1891    347
96    221   39     0.7500  2061    1961    256
97    221   39     0.6250  2042    1942    102
98    221   39     0.5000  2064    1964    158
99    221   39     0.3750  2065    1965    285
100   221   39     0.2500  2036    1936    255
101   221   39     0.1250  2035    1935    199
102   221   39     0.0000  2049    1949    159
102   220   40     0.9007  2025    1925    402
102   219   40     0.8014  1945    1645    646
102   218   40     0.7021  1901    1801    1306
103   217   40     0.5617  1871    1771    1559
104   216   40     0.4213  1815    1715    1615
105   215   40     0.2808  1771    1671    1571
106   214   40     0.1404  1730    1630    -492
107   213   40     0.0000  1667    1567    -717
         
